67,35
48,1
48,3
45,1
45,3
43,1
43,3
40,1
40,3
38,1
38,3
46,1
46,3
34,1
34,3
36,1
36,3
29,1
29,3
0,273
0,270
10,125
10,133
10,27
10,177
10,161
10,269
10,245
10,219
10,105
10,2
10,3
8,18
8,11
8,5
8,3
47,3
47,2
47,1
26,3
26,1
12,3
12,2
12,1
11,29
11,28
11,27
11,26
11,25
11,24
11,23
11,22
11,21
11,20
11,19
11,18
11,17
11,16
11,15
11,14
11,13
11,12
11,11
11,10
11,9
11,8
11,7
11,6
11,5
11,4
11,3
11,2
11,1
11,0
10,312
10,310
10,308
10,302
10,300
10,299
10,297
20,2
20,1
10,296
20,3
10,295
10,292
10,288
10,287
10,284
10,283
10,281
10,277
10,276
19,2
19,1
10,274
10,273
10,272
10,267
19,3
10,266
10,264
10,263
10,260
10,254
10,252
10,251
10,250
10,247
10,243
10,242
10,237
10,236
